Last login: Wed Nov 16 10:15:28 on console
You have mail.
Akankshas-MacBook-Pro:~ Kryotasin$ cd Desktop/
Akankshas-MacBook-Pro:Desktop Kryotasin$ ./a.out
#..................#
....................
....................
...################.
...#..............#.
...#..............#.
...#..............#.
...#..............#.
...#..............#.
...#..............#.
...#..............#.
...#..............#.
...#..............#.
...#..............#.
...#..............#.
...################.
....................
....................
....................
....................

33333333333333333333
33333333333333333333
33333333333333333333
33333333333333333333
33333333333333333333
33333333333333333333
33333333333333333333
33333333333333333333
33333333333333333333
33333333333333333333
33333333333333333333
33333333333333333333
33333333333333333333
33333333333333333333
33333333333333333333
33333333333333333333
33333333333333333333
33333333333333333333
33333333233333333333
33333333333333333333

Seen: 23
33333333333333333333
33333333333333333333
33333333333333333333
33333333333333333333
33333333333333333333
33333333333333333333
33333333333333333333
33333333333333333333
33333333333333333333
33333333333333333333
33333333333333333333
33333333333333333333
33333333333333333333
33333333333333333333
33333333333333333333
33333333133333333333
33333333033333333333
33333333033333333333
00000000200000000000
33333333033333333333

Seen: 28
33333333333333333333
33333333333333333333
33333333333333333333
33333333333333333333
33333333333333333333
33333333333333333333
33333333333333333333
33333333333333333333
33333333333333333333
33333333333333333333
33333333333333333333
33333333333333333333
33333333333333333333
33333333333333333333
33333333333333333333
33333333113333333333
33333333003333333333
33333333003333333333
00000000000000000000
33333333003333333333

Seen: 32
33333333333333333333
33333333333333333333
33333333333333333333
33333333333333333333
33333333333333333333
33333333333333333333
33333333333333333333
33333333333333333333
33333333333333333333
33333333333333333333
33333333333333333333
33333333333333333333
33333333333333333333
33333333333333333333
33333333333333333333
33333333111333333333
33333333000333333333
33333333000333333333
00000000000000000000
33333333000333333333

Seen: 36
33333333333333333333
33333333333333333333
33333333333333333333
33333333333333333333
33333333333333333333
33333333333333333333
33333333333333333333
33333333333333333333
33333333333333333333
33333333333333333333
33333333333333333333
33333333333333333333
33333333333333333333
33333333333333333333
33333333333333333333
33333333111133333333
33333333000033333333
33333333000033333333
00000000000000000000
33333333000033333333

Seen: 40
33333333333333333333
33333333333333333333
33333333333333333333
33333333333333333333
33333333333333333333
33333333333333333333
33333333333333333333
33333333333333333333
33333333333333333333
33333333333333333333
33333333333333333333
33333333333333333333
33333333333333333333
33333333333333333333
33333333333333333333
33333333111113333333
33333333000003333333
33333333000003333333
00000000000000000000
33333333000003333333

Seen: 44
33333333333333333333
33333333333333333333
33333333333333333333
33333333333333333333
33333333333333333333
33333333333333333333
33333333333333333333
33333333333333333333
33333333333333333333
33333333333333333333
33333333333333333333
33333333333333333333
33333333333333333333
33333333333333333333
33333333333333333333
33333333111111333333
33333333000000333333
33333333000000333333
00000000000000000000
33333333000000333333

Seen: 48
33333333333333333333
33333333333333333333
33333333333333333333
33333333333333333333
33333333333333333333
33333333333333333333
33333333333333333333
33333333333333333333
33333333333333333333
33333333333333333333
33333333333333333333
33333333333333333333
33333333333333333333
33333333333333333333
33333333333333333333
33333333111111133333
33333333000000033333
33333333000000033333
00000000000000000000
33333333000000033333

Seen: 52
33333333333333333333
33333333333333333333
33333333333333333333
33333333333333333333
33333333333333333333
33333333333333333333
33333333333333333333
33333333333333333333
33333333333333333333
33333333333333333333
33333333333333333333
33333333333333333333
33333333333333333333
33333333333333333333
33333333333333333333
33333333111111113333
33333333000000003333
33333333000000003333
00000000000000000000
33333333000000003333

Seen: 56
33333333333333333333
33333333333333333333
33333333333333333333
33333333333333333333
33333333333333333333
33333333333333333333
33333333333333333333
33333333333333333333
33333333333333333333
33333333333333333333
33333333333333333333
33333333333333333333
33333333333333333333
33333333333333333333
33333333333333333333
33333333111111111333
33333333000000000333
33333333000000000333
00000000000000000000
33333333000000000333

Seen: 60
33333333333333333333
33333333333333333333
33333333333333333333
33333333333333333333
33333333333333333333
33333333333333333333
33333333333333333333
33333333333333333333
33333333333333333333
33333333333333333333
33333333333333333333
33333333333333333333
33333333333333333333
33333333333333333333
33333333333333333333
33333333111111111133
33333333000000000033
33333333000000000033
00000000000000000000
33333333000000000033

Seen: 64
33333333333333333333
33333333333333333333
33333333333333333333
33333333333333333333
33333333333333333333
33333333333333333333
33333333333333333333
33333333333333333333
33333333333333333333
33333333333333333333
33333333333333333333
33333333333333333333
33333333333333333333
33333333333333333333
33333333333333333333
33333333111111111113
33333333000000000003
33333333000000000003
00000000000000000000
33333333000000000003

Seen: 83
33333333333333333331
33333333333333333330
33333333333333333330
33333333333333333330
33333333333333333330
33333333333333333330
33333333333333333330
33333333333333333330
33333333333333333330
33333333333333333330
33333333333333333330
33333333333333333330
33333333333333333330
33333333333333333330
33333333333333333330
33333333111111111110
33333333000000000000
33333333000000000000
00000000000000000000
33333333000000000000

Seen: 83
33333333333333333331
33333333333333333330
33333333333333333330
33333333333333333330
33333333333333333330
33333333333333333330
33333333333333333330
33333333333333333330
33333333333333333330
33333333333333333330
33333333333333333330
33333333333333333330
33333333333333333330
33333333333333333330
33333333333333333330
33333333111111111110
33333333000000000000
33333333000000000000
00000000000000000000
33333333000000000000

Seen: 91
33333333333333333331
33333333333333333330
33333333333333333330
33333333333333333330
33333333333333333330
33333333333333333330
33333333333333333330
33333333333333333330
33333333333333333330
33333333333333333330
33333333333333333330
33333333333333333330
33333333333333333330
33333333333333333330
33333333333333333330
33333333111111111110
33333333000000000000
33333333000000000000
00000000000000000000
00000000000000000000

Seen: 91
33333333333333333331
33333333333333333330
33333333333333333330
33333333333333333330
33333333333333333330
33333333333333333330
33333333333333333330
33333333333333333330
33333333333333333330
33333333333333333330
33333333333333333330
33333333333333333330
33333333333333333330
33333333333333333330
33333333333333333330
33333333111111111110
33333333000000000000
33333333000000000000
00000000000000000000
00000000000000000000

Seen: 91
33333333333333333331
33333333333333333330
33333333333333333330
33333333333333333330
33333333333333333330
33333333333333333330
33333333333333333330
33333333333333333330
33333333333333333330
33333333333333333330
33333333333333333330
33333333333333333330
33333333333333333330
33333333333333333330
33333333333333333330
33333333111111111110
33333333000000000000
33333333000000000000
00000000000000000000
00000000000000000000

Seen: 91
33333333333333333331
33333333333333333330
33333333333333333330
33333333333333333330
33333333333333333330
33333333333333333330
33333333333333333330
33333333333333333330
33333333333333333330
33333333333333333330
33333333333333333330
33333333333333333330
33333333333333333330
33333333333333333330
33333333333333333330
33333333111111111110
33333333000000000000
33333333000000000000
00000000000000000000
00000000000000000000

Seen: 91
33333333333333333331
33333333333333333330
33333333333333333330
33333333333333333330
33333333333333333330
33333333333333333330
33333333333333333330
33333333333333333330
33333333333333333330
33333333333333333330
33333333333333333330
33333333333333333330
33333333333333333330
33333333333333333330
33333333333333333330
33333333111111111110
33333333000000000000
33333333000000000000
00000000000000000000
00000000000000000000

Seen: 91
33333333333333333331
33333333333333333330
33333333333333333330
33333333333333333330
33333333333333333330
33333333333333333330
33333333333333333330
33333333333333333330
33333333333333333330
33333333333333333330
33333333333333333330
33333333333333333330
33333333333333333330
33333333333333333330
33333333333333333330
33333333111111111110
33333333000000000000
33333333000000000000
00000000000000000000
00000000000000000000

Seen: 91
33333333333333333331
33333333333333333330
33333333333333333330
33333333333333333330
33333333333333333330
33333333333333333330
33333333333333333330
33333333333333333330
33333333333333333330
33333333333333333330
33333333333333333330
33333333333333333330
33333333333333333330
33333333333333333330
33333333333333333330
33333333111111111110
33333333000000000000
33333333000000000000
00000000000000000000
00000000000000000000

Seen: 91
33333333333333333331
33333333333333333330
33333333333333333330
33333333333333333330
33333333333333333330
33333333333333333330
33333333333333333330
33333333333333333330
33333333333333333330
33333333333333333330
33333333333333333330
33333333333333333330
33333333333333333330
33333333333333333330
33333333333333333330
33333333111111111110
33333333000000000000
33333333000000000000
00000000000000000000
00000000000000000000

Seen: 91
33333333333333333331
33333333333333333330
33333333333333333330
33333333333333333330
33333333333333333330
33333333333333333330
33333333333333333330
33333333333333333330
33333333333333333330
33333333333333333330
33333333333333333330
33333333333333333330
33333333333333333330
33333333333333333330
33333333333333333330
33333333111111111110
33333333000000000000
33333333000000000000
00000000000000000000
00000000000000000000

Seen: 91
33333333333333333331
33333333333333333330
33333333333333333330
33333333333333333330
33333333333333333330
33333333333333333330
33333333333333333330
33333333333333333330
33333333333333333330
33333333333333333330
33333333333333333330
33333333333333333330
33333333333333333330
33333333333333333330
33333333333333333330
33333333111111111110
33333333000000000000
33333333000000000000
00000000000000000000
00000000000000000000

Seen: 91
33333333333333333331
33333333333333333330
33333333333333333330
33333333333333333330
33333333333333333330
33333333333333333330
33333333333333333330
33333333333333333330
33333333333333333330
33333333333333333330
33333333333333333330
33333333333333333330
33333333333333333330
33333333333333333330
33333333333333333330
33333333111111111110
33333333000000000000
33333333000000000000
00000000000000000000
00000000000000000000

Seen: 91
33333333333333333331
33333333333333333330
33333333333333333330
33333333333333333330
33333333333333333330
33333333333333333330
33333333333333333330
33333333333333333330
33333333333333333330
33333333333333333330
33333333333333333330
33333333333333333330
33333333333333333330
33333333333333333330
33333333333333333330
33333333111111111110
33333333000000000000
33333333000000000000
00000000000000000000
00000000000000000000

Seen: 91
33333333333333333331
33333333333333333330
33333333333333333330
33333333333333333330
33333333333333333330
33333333333333333330
33333333333333333330
33333333333333333330
33333333333333333330
33333333333333333330
33333333333333333330
33333333333333333330
33333333333333333330
33333333333333333330
33333333333333333330
33333333111111111110
33333333000000000000
33333333000000000000
00000000000000000000
00000000000000000000

Seen: 94
33333333333333333331
33333333333333333330
33333333333333333330
33333333333333333330
33333333333333333330
33333333333333333330
33333333333333333330
33333333333333333330
33333333333333333330
33333333333333333330
33333333333333333330
33333333333333333330
33333333333333333330
33333333333333333330
33333333333333333330
33333331111111111110
33333330000000000000
33333330000000000000
00000000000000000000
00000000000000000000

Seen: 97
33333333333333333331
33333333333333333330
33333333333333333330
33333333333333333330
33333333333333333330
33333333333333333330
33333333333333333330
33333333333333333330
33333333333333333330
33333333333333333330
33333333333333333330
33333333333333333330
33333333333333333330
33333333333333333330
33333333333333333330
33333311111111111110
33333300000000000000
33333300000000000000
00000000000000000000
00000000000000000000

Seen: 100
33333333333333333331
33333333333333333330
33333333333333333330
33333333333333333330
33333333333333333330
33333333333333333330
33333333333333333330
33333333333333333330
33333333333333333330
33333333333333333330
33333333333333333330
33333333333333333330
33333333333333333330
33333333333333333330
33333333333333333330
33333111111111111110
33333000000000000000
33333000000000000000
00000000000000000000
00000000000000000000

Seen: 103
33333333333333333331
33333333333333333330
33333333333333333330
33333333333333333330
33333333333333333330
33333333333333333330
33333333333333333330
33333333333333333330
33333333333333333330
33333333333333333330
33333333333333333330
33333333333333333330
33333333333333333330
33333333333333333330
33333333333333333330
33331111111111111110
33330000000000000000
33330000000000000000
00000000000000000000
00000000000000000000

Seen: 106
33333333333333333331
33333333333333333330
33333333333333333330
33333333333333333330
33333333333333333330
33333333333333333330
33333333333333333330
33333333333333333330
33333333333333333330
33333333333333333330
33333333333333333330
33333333333333333330
33333333333333333330
33333333333333333330
33333333333333333330
33311111111111111110
33300000000000000000
33300000000000000000
00000000000000000000
00000000000000000000

Seen: 124
33033333333333333331
33033333333333333330
33033333333333333330
33033333333333333330
33033333333333333330
33033333333333333330
33033333333333333330
33033333333333333330
33033333333333333330
33033333333333333330
33033333333333333330
33033333333333333330
33033333333333333330
33033333333333333330
33033333333333333330
33011111111111111110
33000000000000000000
33000000000000000000
00000000000000000000
00000000000000000000

Seen: 142
30033333333333333331
30033333333333333330
30033333333333333330
30033333333333333330
30033333333333333330
30033333333333333330
30033333333333333330
30033333333333333330
30033333333333333330
30033333333333333330
30033333333333333330
30033333333333333330
30033333333333333330
30033333333333333330
30033333333333333330
30011111111111111110
30000000000000000000
30000000000000000000
00000000000000000000
00000000000000000000

Seen: 160
10033333333333333331
00033333333333333330
00033333333333333330
00033333333333333330
00033333333333333330
00033333333333333330
00033333333333333330
00033333333333333330
00033333333333333330
00033333333333333330
00033333333333333330
00033333333333333330
00033333333333333330
00033333333333333330
00033333333333333330
00011111111111111110
00000000000000000000
00000000000000000000
00000000000000000000
00000000000000000000

Seen: 160
10033333333333333331
00033333333333333330
00033333333333333330
00033333333333333330
00033333333333333330
00033333333333333330
00033333333333333330
00033333333333333330
00033333333333333330
00033333333333333330
00033333333333333330
00033333333333333330
00033333333333333330
00033333333333333330
00033333333333333330
00011111111111111110
00000000000000000000
00000000000000000000
00000000000000000000
00000000000000000000

Seen: 160
10033333333333333331
00033333333333333330
00033333333333333330
00033333333333333330
00033333333333333330
00033333333333333330
00033333333333333330
00033333333333333330
00033333333333333330
00033333333333333330
00033333333333333330
00033333333333333330
00033333333333333330
00033333333333333330
00033333333333333330
00011111111111111110
00000000000000000000
00000000000000000000
00000000000000000000
00000000000000000000

Seen: 160
10033333333333333331
00033333333333333330
00033333333333333330
00033333333333333330
00033333333333333330
00033333333333333330
00033333333333333330
00033333333333333330
00033333333333333330
00033333333333333330
00033333333333333330
00033333333333333330
00033333333333333330
00033333333333333330
00033333333333333330
00011111111111111110
00000000000000000000
00000000000000000000
00000000000000000000
00000000000000000000

Seen: 160
10033333333333333331
00033333333333333330
00033333333333333330
00033333333333333330
00033333333333333330
00033333333333333330
00033333333333333330
00033333333333333330
00033333333333333330
00033333333333333330
00033333333333333330
00033333333333333330
00033333333333333330
00033333333333333330
00033333333333333330
00011111111111111110
00000000000000000000
00000000000000000000
00000000000000000000
00000000000000000000

Seen: 160
10033333333333333331
00033333333333333330
00033333333333333330
00033333333333333330
00033333333333333330
00033333333333333330
00033333333333333330
00033333333333333330
00033333333333333330
00033333333333333330
00033333333333333330
00033333333333333330
00033333333333333330
00033333333333333330
00033333333333333330
00011111111111111110
00000000000000000000
00000000000000000000
00000000000000000000
00000000000000000000

Seen: 161
10033333333333333331
00033333333333333330
00033333333333333330
00033333333333333330
00033333333333333330
00033333333333333330
00033333333333333330
00033333333333333330
00033333333333333330
00033333333333333330
00033333333333333330
00033333333333333330
00033333333333333330
00033333333333333330
00013333333333333330
00011111111111111110
00000000000000000000
00000000000000000000
00000000000000000000
00000000000000000000

Seen: 162
10033333333333333331
00033333333333333330
00033333333333333330
00033333333333333330
00033333333333333330
00033333333333333330
00033333333333333330
00033333333333333330
00033333333333333330
00033333333333333330
00033333333333333330
00033333333333333330
00033333333333333330
00013333333333333330
00013333333333333330
00011111111111111110
00000000000000000000
00000000000000000000
00000000000000000000
00000000000000000000

Seen: 163
10033333333333333331
00033333333333333330
00033333333333333330
00033333333333333330
00033333333333333330
00033333333333333330
00033333333333333330
00033333333333333330
00033333333333333330
00033333333333333330
00033333333333333330
00033333333333333330
00013333333333333330
00013333333333333330
00013333333333333330
00011111111111111110
00000000000000000000
00000000000000000000
00000000000000000000
00000000000000000000

Seen: 164
10033333333333333331
00033333333333333330
00033333333333333330
00033333333333333330
00033333333333333330
00033333333333333330
00033333333333333330
00033333333333333330
00033333333333333330
00033333333333333330
00033333333333333330
00013333333333333330
00013333333333333330
00013333333333333330
00013333333333333330
00011111111111111110
00000000000000000000
00000000000000000000
00000000000000000000
00000000000000000000

Seen: 165
10033333333333333331
00033333333333333330
00033333333333333330
00033333333333333330
00033333333333333330
00033333333333333330
00033333333333333330
00033333333333333330
00033333333333333330
00033333333333333330
00013333333333333330
00013333333333333330
00013333333333333330
00013333333333333330
00013333333333333330
00011111111111111110
00000000000000000000
00000000000000000000
00000000000000000000
00000000000000000000

Seen: 166
10033333333333333331
00033333333333333330
00033333333333333330
00033333333333333330
00033333333333333330
00033333333333333330
00033333333333333330
00033333333333333330
00033333333333333330
00013333333333333330
00013333333333333330
00013333333333333330
00013333333333333330
00013333333333333330
00013333333333333330
00011111111111111110
00000000000000000000
00000000000000000000
00000000000000000000
00000000000000000000

Seen: 167
10033333333333333331
00033333333333333330
00033333333333333330
00033333333333333330
00033333333333333330
00033333333333333330
00033333333333333330
00033333333333333330
00013333333333333330
00013333333333333330
00013333333333333330
00013333333333333330
00013333333333333330
00013333333333333330
00013333333333333330
00011111111111111110
00000000000000000000
00000000000000000000
00000000000000000000
00000000000000000000

Seen: 168
10033333333333333331
00033333333333333330
00033333333333333330
00033333333333333330
00033333333333333330
00033333333333333330
00033333333333333330
00013333333333333330
00013333333333333330
00013333333333333330
00013333333333333330
00013333333333333330
00013333333333333330
00013333333333333330
00013333333333333330
00011111111111111110
00000000000000000000
00000000000000000000
00000000000000000000
00000000000000000000

Seen: 169
10033333333333333331
00033333333333333330
00033333333333333330
00033333333333333330
00033333333333333330
00033333333333333330
00013333333333333330
00013333333333333330
00013333333333333330
00013333333333333330
00013333333333333330
00013333333333333330
00013333333333333330
00013333333333333330
00013333333333333330
00011111111111111110
00000000000000000000
00000000000000000000
00000000000000000000
00000000000000000000

Seen: 170
10033333333333333331
00033333333333333330
00033333333333333330
00033333333333333330
00033333333333333330
00013333333333333330
00013333333333333330
00013333333333333330
00013333333333333330
00013333333333333330
00013333333333333330
00013333333333333330
00013333333333333330
00013333333333333330
00013333333333333330
00011111111111111110
00000000000000000000
00000000000000000000
00000000000000000000
00000000000000000000

Seen: 171
10033333333333333331
00033333333333333330
00033333333333333330
00033333333333333330
00013333333333333330
00013333333333333330
00013333333333333330
00013333333333333330
00013333333333333330
00013333333333333330
00013333333333333330
00013333333333333330
00013333333333333330
00013333333333333330
00013333333333333330
00011111111111111110
00000000000000000000
00000000000000000000
00000000000000000000
00000000000000000000

Seen: 172
10033333333333333331
00033333333333333330
00033333333333333330
00013333333333333330
00013333333333333330
00013333333333333330
00013333333333333330
00013333333333333330
00013333333333333330
00013333333333333330
00013333333333333330
00013333333333333330
00013333333333333330
00013333333333333330
00013333333333333330
00011111111111111110
00000000000000000000
00000000000000000000
00000000000000000000
00000000000000000000

Seen: 188
10033333333333333331
00033333333333333330
00000000000000000000
00013333333333333330
00013333333333333330
00013333333333333330
00013333333333333330
00013333333333333330
00013333333333333330
00013333333333333330
00013333333333333330
00013333333333333330
00013333333333333330
00013333333333333330
00013333333333333330
00011111111111111110
00000000000000000000
00000000000000000000
00000000000000000000
00000000000000000000

Seen: 204
10033333333333333331
00000000000000000000
00000000000000000000
00013333333333333330
00013333333333333330
00013333333333333330
00013333333333333330
00013333333333333330
00013333333333333330
00013333333333333330
00013333333333333330
00013333333333333330
00013333333333333330
00013333333333333330
00013333333333333330
00011111111111111110
00000000000000000000
00000000000000000000
00000000000000000000
00000000000000000000

Seen: 204
10033333333333333331
00000000000000000000
00000000000000000000
00013333333333333330
00013333333333333330
00013333333333333330
00013333333333333330
00013333333333333330
00013333333333333330
00013333333333333330
00013333333333333330
00013333333333333330
00013333333333333330
00013333333333333330
00013333333333333330
00011111111111111110
00000000000000000000
00000000000000000000
00000000000000000000
00000000000000000000

Seen: 204
10033333333333333331
00000000000000000000
00000000000000000000
00013333333333333330
00013333333333333330
00013333333333333330
00013333333333333330
00013333333333333330
00013333333333333330
00013333333333333330
00013333333333333330
00013333333333333330
00013333333333333330
00013333333333333330
00013333333333333330
00011111111111111110
00000000000000000000
00000000000000000000
00000000000000000000
00000000000000000000

Seen: 204
10033333333333333331
00000000000000000000
00000000000000000000
00013333333333333330
00013333333333333330
00013333333333333330
00013333333333333330
00013333333333333330
00013333333333333330
00013333333333333330
00013333333333333330
00013333333333333330
00013333333333333330
00013333333333333330
00013333333333333330
00011111111111111110
00000000000000000000
00000000000000000000
00000000000000000000
00000000000000000000

Seen: 205
10003333333333333331
00000000000000000000
00000000000000000000
00013333333333333330
00013333333333333330
00013333333333333330
00013333333333333330
00013333333333333330
00013333333333333330
00013333333333333330
00013333333333333330
00013333333333333330
00013333333333333330
00013333333333333330
00013333333333333330
00011111111111111110
00000000000000000000
00000000000000000000
00000000000000000000
00000000000000000000

Seen: 207
10000333333333333331
00000000000000000000
00000000000000000000
00011333333333333330
00013333333333333330
00013333333333333330
00013333333333333330
00013333333333333330
00013333333333333330
00013333333333333330
00013333333333333330
00013333333333333330
00013333333333333330
00013333333333333330
00013333333333333330
00011111111111111110
00000000000000000000
00000000000000000000
00000000000000000000
00000000000000000000

Seen: 209
10000033333333333331
00000000000000000000
00000000000000000000
00011133333333333330
00013333333333333330
00013333333333333330
00013333333333333330
00013333333333333330
00013333333333333330
00013333333333333330
00013333333333333330
00013333333333333330
00013333333333333330
00013333333333333330
00013333333333333330
00011111111111111110
00000000000000000000
00000000000000000000
00000000000000000000
00000000000000000000

Seen: 211
10000003333333333331
00000000000000000000
00000000000000000000
00011113333333333330
00013333333333333330
00013333333333333330
00013333333333333330
00013333333333333330
00013333333333333330
00013333333333333330
00013333333333333330
00013333333333333330
00013333333333333330
00013333333333333330
00013333333333333330
00011111111111111110
00000000000000000000
00000000000000000000
00000000000000000000
00000000000000000000

Seen: 213
10000000333333333331
00000000000000000000
00000000000000000000
00011111333333333330
00013333333333333330
00013333333333333330
00013333333333333330
00013333333333333330
00013333333333333330
00013333333333333330
00013333333333333330
00013333333333333330
00013333333333333330
00013333333333333330
00013333333333333330
00011111111111111110
00000000000000000000
00000000000000000000
00000000000000000000
00000000000000000000

Seen: 215
10000000033333333331
00000000000000000000
00000000000000000000
00011111133333333330
00013333333333333330
00013333333333333330
00013333333333333330
00013333333333333330
00013333333333333330
00013333333333333330
00013333333333333330
00013333333333333330
00013333333333333330
00013333333333333330
00013333333333333330
00011111111111111110
00000000000000000000
00000000000000000000
00000000000000000000
00000000000000000000

Seen: 217
10000000003333333331
00000000000000000000
00000000000000000000
00011111113333333330
00013333333333333330
00013333333333333330
00013333333333333330
00013333333333333330
00013333333333333330
00013333333333333330
00013333333333333330
00013333333333333330
00013333333333333330
00013333333333333330
00013333333333333330
00011111111111111110
00000000000000000000
00000000000000000000
00000000000000000000
00000000000000000000

Seen: 219
10000000000333333331
00000000000000000000
00000000000000000000
00011111111333333330
00013333333333333330
00013333333333333330
00013333333333333330
00013333333333333330
00013333333333333330
00013333333333333330
00013333333333333330
00013333333333333330
00013333333333333330
00013333333333333330
00013333333333333330
00011111111111111110
00000000000000000000
00000000000000000000
00000000000000000000
00000000000000000000

Seen: 221
10000000000033333331
00000000000000000000
00000000000000000000
00011111111133333330
00013333333333333330
00013333333333333330
00013333333333333330
00013333333333333330
00013333333333333330
00013333333333333330
00013333333333333330
00013333333333333330
00013333333333333330
00013333333333333330
00013333333333333330
00011111111111111110
00000000000000000000
00000000000000000000
00000000000000000000
00000000000000000000

Seen: 223
10000000000003333331
00000000000000000000
00000000000000000000
00011111111113333330
00013333333333333330
00013333333333333330
00013333333333333330
00013333333333333330
00013333333333333330
00013333333333333330
00013333333333333330
00013333333333333330
00013333333333333330
00013333333333333330
00013333333333333330
00011111111111111110
00000000000000000000
00000000000000000000
00000000000000000000
00000000000000000000

Seen: 225
10000000000000333331
00000000000000000000
00000000000000000000
00011111111111333330
00013333333333333330
00013333333333333330
00013333333333333330
00013333333333333330
00013333333333333330
00013333333333333330
00013333333333333330
00013333333333333330
00013333333333333330
00013333333333333330
00013333333333333330
00011111111111111110
00000000000000000000
00000000000000000000
00000000000000000000
00000000000000000000

Seen: 227
10000000000000033331
00000000000000000000
00000000000000000000
00011111111111133330
00013333333333333330
00013333333333333330
00013333333333333330
00013333333333333330
00013333333333333330
00013333333333333330
00013333333333333330
00013333333333333330
00013333333333333330
00013333333333333330
00013333333333333330
00011111111111111110
00000000000000000000
00000000000000000000
00000000000000000000
00000000000000000000

Seen: 229
10000000000000003331
00000000000000000000
00000000000000000000
00011111111111113330
00013333333333333330
00013333333333333330
00013333333333333330
00013333333333333330
00013333333333333330
00013333333333333330
00013333333333333330
00013333333333333330
00013333333333333330
00013333333333333330
00013333333333333330
00011111111111111110
00000000000000000000
00000000000000000000
00000000000000000000
00000000000000000000

Seen: 231
10000000000000000331
00000000000000000000
00000000000000000000
00011111111111111330
00013333333333333330
00013333333333333330
00013333333333333330
00013333333333333330
00013333333333333330
00013333333333333330
00013333333333333330
00013333333333333330
00013333333333333330
00013333333333333330
00013333333333333330
00011111111111111110
00000000000000000000
00000000000000000000
00000000000000000000
00000000000000000000

Seen: 233
10000000000000000031
00000000000000000000
00000000000000000000
00011111111111111130
00013333333333333330
00013333333333333330
00013333333333333330
00013333333333333330
00013333333333333330
00013333333333333330
00013333333333333330
00013333333333333330
00013333333333333330
00013333333333333330
00013333333333333330
00011111111111111110
00000000000000000000
00000000000000000000
00000000000000000000
00000000000000000000

Seen: 235
10000000000000000001
00000000000000000000
00000000000000000000
00011111111111111110
00013333333333333330
00013333333333333330
00013333333333333330
00013333333333333330
00013333333333333330
00013333333333333330
00013333333333333330
00013333333333333330
00013333333333333330
00013333333333333330
00013333333333333330
00011111111111111110
00000000000000000000
00000000000000000000
00000000000000000000
00000000000000000000

Seen: 235
10000000000000000001
00000000000000000000
00000000000000000000
00011111111111111110
00013333333333333330
00013333333333333330
00013333333333333330
00013333333333333330
00013333333333333330
00013333333333333330
00013333333333333330
00013333333333333330
00013333333333333330
00013333333333333330
00013333333333333330
00011111111111111110
00000000000000000000
00000000000000000000
00000000000000000000
00000000000000000000

Seen: 235
10000000000000000001
00000000000000000000
00000000000000000000
00011111111111111110
00013333333333333330
00013333333333333330
00013333333333333330
00013333333333333330
00013333333333333330
00013333333333333330
00013333333333333330
00013333333333333330
00013333333333333330
00013333333333333330
00013333333333333330
00011111111111111110
00000000000000000000
00000000000000000000
00000000000000000000
00000000000000000000

Seen: 235
10000000000000000001
00000000000000000000
00000000000000000000
00011111111111111110
00013333333333333330
00013333333333333330
00013333333333333330
00013333333333333330
00013333333333333330
00013333333333333330
00013333333333333330
00013333333333333330
00013333333333333330
00013333333333333330
00013333333333333330
00011111111111111110
00000000000000000000
00000000000000000000
00000000000000000000
00000000000000000000

Seen: 235
10000000000000000001
00000000000000000000
00000000000000000000
00011111111111111110
00013333333333333330
00013333333333333330
00013333333333333330
00013333333333333330
00013333333333333330
00013333333333333330
00013333333333333330
00013333333333333330
00013333333333333330
00013333333333333330
00013333333333333330
00011111111111111110
00000000000000000000
00000000000000000000
00000000000000000000
00000000000000000000

Seen: 236
10000000000000000001
00000000000000000000
00000000000000000000
00011111111111111110
00013333333333333310
00013333333333333330
00013333333333333330
00013333333333333330
00013333333333333330
00013333333333333330
00013333333333333330
00013333333333333330
00013333333333333330
00013333333333333330
00013333333333333330
00011111111111111110
00000000000000000000
00000000000000000000
00000000000000000000
00000000000000000000

Seen: 237
10000000000000000001
00000000000000000000
00000000000000000000
00011111111111111110
00013333333333333310
00013333333333333310
00013333333333333330
00013333333333333330
00013333333333333330
00013333333333333330
00013333333333333330
00013333333333333330
00013333333333333330
00013333333333333330
00013333333333333330
00011111111111111110
00000000000000000000
00000000000000000000
00000000000000000000
00000000000000000000

Seen: 238
10000000000000000001
00000000000000000000
00000000000000000000
00011111111111111110
00013333333333333310
00013333333333333310
00013333333333333310
00013333333333333330
00013333333333333330
00013333333333333330
00013333333333333330
00013333333333333330
00013333333333333330
00013333333333333330
00013333333333333330
00011111111111111110
00000000000000000000
00000000000000000000
00000000000000000000
00000000000000000000

Seen: 239
10000000000000000001
00000000000000000000
00000000000000000000
00011111111111111110
00013333333333333310
00013333333333333310
00013333333333333310
00013333333333333310
00013333333333333330
00013333333333333330
00013333333333333330
00013333333333333330
00013333333333333330
00013333333333333330
00013333333333333330
00011111111111111110
00000000000000000000
00000000000000000000
00000000000000000000
00000000000000000000

Seen: 240
10000000000000000001
00000000000000000000
00000000000000000000
00011111111111111110
00013333333333333310
00013333333333333310
00013333333333333310
00013333333333333310
00013333333333333310
00013333333333333330
00013333333333333330
00013333333333333330
00013333333333333330
00013333333333333330
00013333333333333330
00011111111111111110
00000000000000000000
00000000000000000000
00000000000000000000
00000000000000000000

Seen: 241
10000000000000000001
00000000000000000000
00000000000000000000
00011111111111111110
00013333333333333310
00013333333333333310
00013333333333333310
00013333333333333310
00013333333333333310
00013333333333333310
00013333333333333330
00013333333333333330
00013333333333333330
00013333333333333330
00013333333333333330
00011111111111111110
00000000000000000000
00000000000000000000
00000000000000000000
00000000000000000000

Seen: 242
10000000000000000001
00000000000000000000
00000000000000000000
00011111111111111110
00013333333333333310
00013333333333333310
00013333333333333310
00013333333333333310
00013333333333333310
00013333333333333310
00013333333333333310
00013333333333333330
00013333333333333330
00013333333333333330
00013333333333333330
00011111111111111110
00000000000000000000
00000000000000000000
00000000000000000000
00000000000000000000

Seen: 243
10000000000000000001
00000000000000000000
00000000000000000000
00011111111111111110
00013333333333333310
00013333333333333310
00013333333333333310
00013333333333333310
00013333333333333310
00013333333333333310
00013333333333333310
00013333333333333310
00013333333333333330
00013333333333333330
00013333333333333330
00011111111111111110
00000000000000000000
00000000000000000000
00000000000000000000
00000000000000000000

Seen: 244
10000000000000000001
00000000000000000000
00000000000000000000
00011111111111111110
00013333333333333310
00013333333333333310
00013333333333333310
00013333333333333310
00013333333333333310
00013333333333333310
00013333333333333310
00013333333333333310
00013333333333333310
00013333333333333330
00013333333333333330
00011111111111111110
00000000000000000000
00000000000000000000
00000000000000000000
00000000000000000000

Seen: 245
10000000000000000001
00000000000000000000
00000000000000000000
00011111111111111110
00013333333333333310
00013333333333333310
00013333333333333310
00013333333333333310
00013333333333333310
00013333333333333310
00013333333333333310
00013333333333333310
00013333333333333310
00013333333333333310
00013333333333333330
00011111111111111110
00000000000000000000
00000000000000000000
00000000000000000000
00000000000000000000

Seen: 246
10000000000000000001
00000000000000000000
00000000000000000000
00011111111111111110
00013333333333333310
00013333333333333310
00013333333333333310
00013333333333333310
00013333333333333310
00013333333333333310
00013333333333333310
00013333333333333310
00013333333333333310
00013333333333333310
00013333333333333310
00011111111111111110
00000000000000000000
00000000000000000000
00000000000000000000
00000000000000000000

Seen: 246
10000000000000000001
00000000000000000000
00000000000000000000
00011111111111111110
00013333333333333310
00013333333333333310
00013333333333333310
00013333333333333310
00013333333333333310
00013333333333333310
00013333333333333310
00013333333333333310
00013333333333333310
00013333333333333310
00013333333333333310
00011111111111111110
00000000000000000000
00000000000000000000
00000000000000000000
00000000000000000000

Seen: 246
10000000000000000001
00000000000000000000
00000000000000000000
00011111111111111110
00013333333333333310
00013333333333333310
00013333333333333310
00013333333333333310
00013333333333333310
00013333333333333310
00013333333333333310
00013333333333333310
00013333333333333310
00013333333333333310
00013333333333333310
00011111111111111110
00000000000000000000
00000000000000000000
00000000000000000000
00000000000000000000

Seen: 246
10000000000000000001
00000000000000000000
00000000000000000000
00011111111111111110
00013333333333333310
00013333333333333310
00013333333333333310
00013333333333333310
00013333333333333310
00013333333333333310
00013333333333333310
00013333333333333310
00013333333333333310
00013333333333333310
00013333333333333310
00011111111111111110
00000000000000000000
00000000000000000000
00000000000000000000
00000000000000000000

Seen: 246
10000000000000000001
00000000000000000000
00000000000000000000
00011111111111111110
00013333333333333310
00013333333333333310
00013333333333333310
00013333333333333310
00013333333333333310
00013333333333333310
00013333333333333310
00013333333333333310
00013333333333333310
00013333333333333310
00013333333333333310
00011111111111111110
00000000000000000000
00000000000000000000
00000000000000000000
00000000000000000000

Seen: 246
10000000000000000001
00000000000000000000
00000000000000000000
00011111111111111110
00013333333333333310
00013333333333333310
00013333333333333310
00013333333333333310
00013333333333333310
00013333333333333310
00013333333333333310
00013333333333333310
00013333333333333310
00013333333333333310
00013333333333333310
00011111111111111110
00000000000000000000
00000000000000000000
00000000000000000000
00000000000000000000

Seen: 246
10000000000000000001
00000000000000000000
00000000000000000000
00011111111111111110
00013333333333333310
00013333333333333310
00013333333333333310
00013333333333333310
00013333333333333310
00013333333333333310
00013333333333333310
00013333333333333310
00013333333333333310
00013333333333333310
00013333333333333310
00011111111111111110
00000000000000000000
00000000000000000000
00000000000000000000
00000000000000000000

Seen: 246
10000000000000000001
00000000000000000000
00000000000000000000
00011111111111111110
00013333333333333310
00013333333333333310
00013333333333333310
00013333333333333310
00013333333333333310
00013333333333333310
00013333333333333310
00013333333333333310
00013333333333333310
00013333333333333310
00013333333333333310
00011111111111111110
00000000000000000000
00000000000000000000
00000000000000000000
00000000000000000000

Seen: 246
10000000000000000001
00000000000000000000
00000000000000000000
00011111111111111110
00013333333333333310
00013333333333333310
00013333333333333310
00013333333333333310
00013333333333333310
00013333333333333310
00013333333333333310
00013333333333333310
00013333333333333310
00013333333333333310
00013333333333333310
00011111111111111110
00000000000000000000
00000000000000000000
00000000000000000000
00000000000000000000

Seen: 246
10000000000000000001
00000000000000000000
00000000000000000000
00011111111111111110
00013333333333333310
00013333333333333310
00013333333333333310
00013333333333333310
00013333333333333310
00013333333333333310
00013333333333333310
00013333333333333310
00013333333333333310
00013333333333333310
00013333333333333310
00011111111111111110
00000000000000000000
00000000000000000000
00000000000000000000
00000000000000000000

Seen: 246
10000000000000000001
00000000000000000000
00000000000000000000
00011111111111111110
00013333333333333310
00013333333333333310
00013333333333333310
00013333333333333310
00013333333333333310
00013333333333333310
00013333333333333310
00013333333333333310
00013333333333333310
00013333333333333310
00013333333333333310
00011111111111111110
00000000000000000000
00000000000000000000
00000000000000000000
00000000000000000000

Seen: 246
10000000000000000001
00000000000000000000
00000000000000000000
00011111111111111110
00013333333333333310
00013333333333333310
00013333333333333310
00013333333333333310
00013333333333333310
00013333333333333310
00013333333333333310
00013333333333333310
00013333333333333310
00013333333333333310
00013333333333333310
00011111111111111110
00000000000000000000
00000000000000000000
00000000000000000000
00000000000000000000

Seen: 246
10000000000000000001
00000000000000000000
00000000000000000000
00011111111111111110
00013333333333333310
00013333333333333310
00013333333333333310
00013333333333333310
00013333333333333310
00013333333333333310
00013333333333333310
00013333333333333310
00013333333333333310
00013333333333333310
00013333333333333310
00011111111111111110
00000000000000000000
00000000000000000000
00000000000000000000
00000000000000000000

Seen: 246
10000000000000000001
00000000000000000000
00000000000000000000
00011111111111111110
00013333333333333310
00013333333333333310
00013333333333333310
00013333333333333310
00013333333333333310
00013333333333333310
00013333333333333310
00013333333333333310
00013333333333333310
00013333333333333310
00013333333333333310
00011111111111111110
00000000000000000000
00000000000000000000
00000000000000000000
00000000000000000000

Seen: 246
10000000000000000001
00000000000000000000
00000000000000000000
00011111111111111110
00013333333333333310
00013333333333333310
00013333333333333310
00013333333333333310
00013333333333333310
00013333333333333310
00013333333333333310
00013333333333333310
00013333333333333310
00013333333333333310
00013333333333333310
00011111111111111110
00000000000000000000
00000000000000000000
00000000000000000000
00000000000000000000

Seen: 246
10000000000000000001
00000000000000000000
00000000000000000000
00011111111111111110
00013333333333333310
00013333333333333310
00013333333333333310
00013333333333333310
00013333333333333310
00013333333333333310
00013333333333333310
00013333333333333310
00013333333333333310
00013333333333333310
00013333333333333310
00011111111111111110
00000000000000000000
00000000000000000000
00000000000000000000
00000000000000000000

Seen: 246
10000000000000000001
00000000000000000000
00000000000000000000
00011111111111111110
00013333333333333310
00013333333333333310
00013333333333333310
00013333333333333310
00013333333333333310
00013333333333333310
00013333333333333310
00013333333333333310
00013333333333333310
00013333333333333310
00013333333333333310
00011111111111111110
00000000000000000000
00000000000000000000
00000000000000000000
00000000000000000000

Seen: 246
10000000000000000001
00000000000000000000
00000000000000000000
00011111111111111110
00013333333333333310
00013333333333333310
00013333333333333310
00013333333333333310
00013333333333333310
00013333333333333310
00013333333333333310
00013333333333333310
00013333333333333310
00013333333333333310
00013333333333333310
00011111111111111110
00000000000000000000
00000000000000000000
00000000000000000000
00000000000000000000

Seen: 246
10000000000000000001
00000000000000000000
00000000000000000000
00011111111111111110
00013333333333333310
00013333333333333310
00013333333333333310
00013333333333333310
00013333333333333310
00013333333333333310
00013333333333333310
00013333333333333310
00013333333333333310
00013333333333333310
00013333333333333310
00011111111111111110
00000000000000000000
00000000000000000000
00000000000000000000
00000000000000000000

Seen: 246
10000000000000000001
00000000000000000000
00000000000000000000
00011111111111111110
00013333333333333310
00013333333333333310
00013333333333333310
00013333333333333310
00013333333333333310
00013333333333333310
00013333333333333310
00013333333333333310
00013333333333333310
00013333333333333310
00013333333333333310
00011111111111111110
00000000000000000000
00000000000000000000
00000000000000000000
00000000000000000000

Seen: 246
10000000000000000001
00000000000000000000
00000000000000000000
00011111111111111110
00013333333333333310
00013333333333333310
00013333333333333310
00013333333333333310
00013333333333333310
00013333333333333310
00013333333333333310
00013333333333333310
00013333333333333310
00013333333333333310
00013333333333333310
00011111111111111110
00000000000000000000
00000000000000000000
00000000000000000000
00000000000000000000

Seen: 246
10000000000000000001
00000000000000000000
00000000000000000000
00011111111111111110
00013333333333333310
00013333333333333310
00013333333333333310
00013333333333333310
00013333333333333310
00013333333333333310
00013333333333333310
00013333333333333310
00013333333333333310
00013333333333333310
00013333333333333310
00011111111111111110
00000000000000000000
00000000000000000000
00000000000000000000
00000000000000000000

Seen: 246
10000000000000000001
00000000000000000000
00000000000000000000
00011111111111111110
00013333333333333310
00013333333333333310
00013333333333333310
00013333333333333310
00013333333333333310
00013333333333333310
00013333333333333310
00013333333333333310
00013333333333333310
00013333333333333310
00013333333333333310
00011111111111111110
00000000000000000000
00000000000000000000
00000000000000000000
00000000000000000000

Seen: 246
10000000000000000001
00000000000000000000
00000000000000000000
00011111111111111110
00013333333333333310
00013333333333333310
00013333333333333310
00013333333333333310
00013333333333333310
00013333333333333310
00013333333333333310
00013333333333333310
00013333333333333310
00013333333333333310
00013333333333333310
00011111111111111110
00000000000000000000
00000000000000000000
00000000000000000000
00000000000000000000

Seen: 246
10000000000000000001
00000000000000000000
00000000000000000000
00011111111111111110
00013333333333333310
00013333333333333310
00013333333333333310
00013333333333333310
00013333333333333310
00013333333333333310
00013333333333333310
00013333333333333310
00013333333333333310
00013333333333333310
00013333333333333310
00011111111111111110
00000000000000000000
00000000000000000000
00000000000000000000
00000000000000000000

Seen: 246
10000000000000000001
00000000000000000000
00000000000000000000
00011111111111111110
00013333333333333310
00013333333333333310
00013333333333333310
00013333333333333310
00013333333333333310
00013333333333333310
00013333333333333310
00013333333333333310
00013333333333333310
00013333333333333310
00013333333333333310
00011111111111111110
00000000000000000000
00000000000000000000
00000000000000000000
00000000000000000000

Seen: 246
10000000000000000001
00000000000000000000
00000000000000000000
00011111111111111110
00013333333333333310
00013333333333333310
00013333333333333310
00013333333333333310
00013333333333333310
00013333333333333310
00013333333333333310
00013333333333333310
00013333333333333310
00013333333333333310
00013333333333333310
00011111111111111110
00000000000000000000
00000000000000000000
00000000000000000000
00000000000000000000

Seen: 246
10000000000000000001
00000000000000000000
00000000000000000000
00011111111111111110
00013333333333333310
00013333333333333310
00013333333333333310
00013333333333333310
00013333333333333310
00013333333333333310
00013333333333333310
00013333333333333310
00013333333333333310
00013333333333333310
00013333333333333310
00011111111111111110
00000000000000000000
00000000000000000000
00000000000000000000
00000000000000000000

Seen: 246
10000000000000000001
00000000000000000000
00000000000000000000
00011111111111111110
00013333333333333310
00013333333333333310
00013333333333333310
00013333333333333310
00013333333333333310
00013333333333333310
00013333333333333310
00013333333333333310
00013333333333333310
00013333333333333310
00013333333333333310
00011111111111111110
00000000000000000000
00000000000000000000
00000000000000000000
00000000000000000000

Seen: 246
10000000000000000001
00000000000000000000
00000000000000000000
00011111111111111110
00013333333333333310
00013333333333333310
00013333333333333310
00013333333333333310
00013333333333333310
00013333333333333310
00013333333333333310
00013333333333333310
00013333333333333310
00013333333333333310
00013333333333333310
00011111111111111110
00000000000000000000
00000000000000000000
00000000000000000000
00000000000000000000

Seen: 246
10000000000000000001
00000000000000000000
00000000000000000000
00011111111111111110
00013333333333333310
00013333333333333310
00013333333333333310
00013333333333333310
00013333333333333310
00013333333333333310
00013333333333333310
00013333333333333310
00013333333333333310
00013333333333333310
00013333333333333310
00011111111111111110
00000000000000000000
00000000000000000000
00000000000000000000
00000000000000000000

Seen: 246
10000000000000000001
00000000000000000000
00000000000000000000
00011111111111111110
00013333333333333310
00013333333333333310
00013333333333333310
00013333333333333310
00013333333333333310
00013333333333333310
00013333333333333310
00013333333333333310
00013333333333333310
00013333333333333310
00013333333333333310
00011111111111111110
00000000000000000000
00000000000000000000
00000000000000000000
00000000000000000000

Seen: 246
10000000000000000001
00000000000000000000
00000000000000000000
00011111111111111110
00013333333333333310
00013333333333333310
00013333333333333310
00013333333333333310
00013333333333333310
00013333333333333310
00013333333333333310
00013333333333333310
00013333333333333310
00013333333333333310
00013333333333333310
00011111111111111110
00000000000000000000
00000000000000000000
00000000000000000000
00000000000000000000

Seen: 246
10000000000000000001
00000000000000000000
00000000000000000000
00011111111111111110
00013333333333333310
00013333333333333310
00013333333333333310
00013333333333333310
00013333333333333310
00013333333333333310
00013333333333333310
00013333333333333310
00013333333333333310
00013333333333333310
00013333333333333310
00011111111111111110
00000000000000000000
00000000000000000000
00000000000000000000
00000000000000000000

Seen: 246
10000000000000000001
00000000000000000000
00000000000000000000
00011111111111111110
00013333333333333310
00013333333333333310
00013333333333333310
00013333333333333310
00013333333333333310
00013333333333333310
00013333333333333310
00013333333333333310
00013333333333333310
00013333333333333310
00013333333333333310
00011111111111111110
00000000000000000000
00000000000000000000
00000000000000000000
00000000000000000000

Seen: 246
10000000000000000001
00000000000000000000
00000000000000000000
00011111111111111110
00013333333333333310
00013333333333333310
00013333333333333310
00013333333333333310
00013333333333333310
00013333333333333310
00013333333333333310
00013333333333333310
00013333333333333310
00013333333333333310
00013333333333333310
00011111111111111110
00000000000000000000
00000000000000000000
00000000000000000000
00000000000000000000

Seen: 246
10000000000000000001
00000000000000000000
00000000000000000000
00011111111111111110
00013333333333333310
00013333333333333310
00013333333333333310
00013333333333333310
00013333333333333310
00013333333333333310
00013333333333333310
00013333333333333310
00013333333333333310
00013333333333333310
00013333333333333310
00011111111111111110
00000000000000000000
00000000000000000000
00000000000000000000
00000000000000000000

Seen: 246
10000000000000000001
00000000000000000000
00000000000000000000
00011111111111111110
00013333333333333310
00013333333333333310
00013333333333333310
00013333333333333310
00013333333333333310
00013333333333333310
00013333333333333310
00013333333333333310
00013333333333333310
00013333333333333310
00013333333333333310
00011111111111111110
00000000000000000000
00000000000000000000
00000000000000000000
00000000000000000000

Seen: 246
10000000000000000001
00000000000000000000
00000000000000000000
00011111111111111110
00013333333333333310
00013333333333333310
00013333333333333310
00013333333333333310
00013333333333333310
00013333333333333310
00013333333333333310
00013333333333333310
00013333333333333310
00013333333333333310
00013333333333333310
00011111111111111110
00000000000000000000
00000000000000000000
00000000000000000000
00000000000000000000

Seen: 246
10000000000000000001
00000000000000000000
00000000000000000000
00011111111111111110
00013333333333333310
00013333333333333310
00013333333333333310
00013333333333333310
00013333333333333310
00013333333333333310
00013333333333333310
00013333333333333310
00013333333333333310
00013333333333333310
00013333333333333310
00011111111111111110
00000000000000000000
00000000000000000000
00000000000000000000
00000000000000000000

Seen: 246
10000000000000000001
00000000000000000000
00000000000000000000
00011111111111111110
00013333333333333310
00013333333333333310
00013333333333333310
00013333333333333310
00013333333333333310
00013333333333333310
00013333333333333310
00013333333333333310
00013333333333333310
00013333333333333310
00013333333333333310
00011111111111111110
00000000000000000000
00000000000000000000
00000000000000000000
00000000000000000000

Seen: 246
10000000000000000001
00000000000000000000
00000000000000000000
00011111111111111110
00013333333333333310
00013333333333333310
00013333333333333310
00013333333333333310
00013333333333333310
00013333333333333310
00013333333333333310
00013333333333333310
00013333333333333310
00013333333333333310
00013333333333333310
00011111111111111110
00000000000000000000
00000000000000000000
00000000000000000000
00000000000000000000

Seen: 246
10000000000000000001
00000000000000000000
00000000000000000000
00011111111111111110
00013333333333333310
00013333333333333310
00013333333333333310
00013333333333333310
00013333333333333310
00013333333333333310
00013333333333333310
00013333333333333310
00013333333333333310
00013333333333333310
00013333333333333310
00011111111111111110
00000000000000000000
00000000000000000000
00000000000000000000
00000000000000000000

Seen: 246
10000000000000000001
00000000000000000000
00000000000000000000
00011111111111111110
00013333333333333310
00013333333333333310
00013333333333333310
00013333333333333310
00013333333333333310
00013333333333333310
00013333333333333310
00013333333333333310
00013333333333333310
00013333333333333310
00013333333333333310
00011111111111111110
00000000000000000000
00000000000000000000
00000000000000000000
00000000000000000000

Seen: 246
10000000000000000001
00000000000000000000
00000000000000000000
00011111111111111110
00013333333333333310
00013333333333333310
00013333333333333310
00013333333333333310
00013333333333333310
00013333333333333310
00013333333333333310
00013333333333333310
00013333333333333310
00013333333333333310
00013333333333333310
00011111111111111110
00000000000000000000
00000000000000000000
00000000000000000000
00000000000000000000

Seen: 246
10000000000000000001
00000000000000000000
00000000000000000000
00011111111111111110
00013333333333333310
00013333333333333310
00013333333333333310
00013333333333333310
00013333333333333310
00013333333333333310
00013333333333333310
00013333333333333310
00013333333333333310
00013333333333333310
00013333333333333310
00011111111111111110
00000000000000000000
00000000000000000000
00000000000000000000
00000000000000000000

Seen: 246
10000000000000000001
00000000000000000000
00000000000000000000
00011111111111111110
00013333333333333310
00013333333333333310
00013333333333333310
00013333333333333310
00013333333333333310
00013333333333333310
00013333333333333310
00013333333333333310
00013333333333333310
00013333333333333310
00013333333333333310
00011111111111111110
00000000000000000000
00000000000000000000
00000000000000000000
00000000000000000000

Seen: 246
10000000000000000001
00000000000000000000
00000000000000000000
00011111111111111110
00013333333333333310
00013333333333333310
00013333333333333310
00013333333333333310
00013333333333333310
00013333333333333310
00013333333333333310
00013333333333333310
00013333333333333310
00013333333333333310
00013333333333333310
00011111111111111110
00000000000000000000
00000000000000000000
00000000000000000000
00000000000000000000

Seen: 246
10000000000000000001
00000000000000000000
00000000000000000000
00011111111111111110
00013333333333333310
00013333333333333310
00013333333333333310
00013333333333333310
00013333333333333310
00013333333333333310
00013333333333333310
00013333333333333310
00013333333333333310
00013333333333333310
00013333333333333310
00011111111111111110
00000000000000000000
00000000000000000000
00000000000000000000
00000000000000000000

Seen: 246
10000000000000000001
00000000000000000000
00000000000000000000
00011111111111111110
00013333333333333310
00013333333333333310
00013333333333333310
00013333333333333310
00013333333333333310
00013333333333333310
00013333333333333310
00013333333333333310
00013333333333333310
00013333333333333310
00013333333333333310
00011111111111111110
00000000000000000000
00000000000000000000
00000000000000000000
00000000000000000000

Seen: 246
10000000000000000001
00000000000000000000
00000000000000000000
00011111111111111110
00013333333333333310
00013333333333333310
00013333333333333310
00013333333333333310
00013333333333333310
00013333333333333310
00013333333333333310
00013333333333333310
00013333333333333310
00013333333333333310
00013333333333333310
00011111111111111110
00000000000000000000
00000000000000000000
00000000000000000000
00000000000000000000

Seen: 246
10000000000000000001
00000000000000000000
00000000000000000000
00011111111111111110
00013333333333333310
00013333333333333310
00013333333333333310
00013333333333333310
00013333333333333310
00013333333333333310
00013333333333333310
00013333333333333310
00013333333333333310
00013333333333333310
00013333333333333310
00011111111111111110
00000000000000000000
00000000000000000000
00000000000000000000
00000000000000000000

Seen: 246
10000000000000000001
00000000000000000000
00000000000000000000
00011111111111111110
00013333333333333310
00013333333333333310
00013333333333333310
00013333333333333310
00013333333333333310
00013333333333333310
00013333333333333310
00013333333333333310
00013333333333333310
00013333333333333310
00013333333333333310
00011111111111111110
00000000000000000000
00000000000000000000
00000000000000000000
00000000000000000000

Seen: 246
10000000000000000001
00000000000000000000
00000000000000000000
00011111111111111110
00013333333333333310
00013333333333333310
00013333333333333310
00013333333333333310
00013333333333333310
00013333333333333310
00013333333333333310
00013333333333333310
00013333333333333310
00013333333333333310
00013333333333333310
00011111111111111110
00000000000000000000
00000000000000000000
00000000000000000000
00000000000000000000

Seen: 246
10000000000000000001
00000000000000000000
00000000000000000000
00011111111111111110
00013333333333333310
00013333333333333310
00013333333333333310
00013333333333333310
00013333333333333310
00013333333333333310
00013333333333333310
00013333333333333310
00013333333333333310
00013333333333333310
00013333333333333310
00011111111111111110
00000000000000000000
00000000000000000000
00000000000000000000
00000000000000000000

Seen: 246
10000000000000000001
00000000000000000000
00000000000000000000
00011111111111111110
00013333333333333310
00013333333333333310
00013333333333333310
00013333333333333310
00013333333333333310
00013333333333333310
00013333333333333310
00013333333333333310
00013333333333333310
00013333333333333310
00013333333333333310
00011111111111111110
00000000000000000000
00000000000000000000
00000000000000000000
00000000000000000000

Seen: 246
10000000000000000001
00000000000000000000
00000000000000000000
00011111111111111110
00013333333333333310
00013333333333333310
00013333333333333310
00013333333333333310
00013333333333333310
00013333333333333310
00013333333333333310
00013333333333333310
00013333333333333310
00013333333333333310
00013333333333333310
00011111111111111110
00000000000000000000
00000000000000000000
00000000000000000000
00000000000000000000

Seen: 246
10000000000000000001
00000000000000000000
00000000000000000000
00011111111111111110
00013333333333333310
00013333333333333310
00013333333333333310
00013333333333333310
00013333333333333310
00013333333333333310
00013333333333333310
00013333333333333310
00013333333333333310
00013333333333333310
00013333333333333310
00011111111111111110
00000000000000000000
00000000000000000000
00000000000000000000
00000000000000000000

Seen: 246
10000000000000000001
00000000000000000000
00000000000000000000
00011111111111111110
00013333333333333310
00013333333333333310
00013333333333333310
00013333333333333310
00013333333333333310
00013333333333333310
00013333333333333310
00013333333333333310
00013333333333333310
00013333333333333310
00013333333333333310
00011111111111111110
00000000000000000000
00000000000000000000
00000000000000000000
00000000000000000000

Seen: 246
10000000000000000001
00000000000000000000
00000000000000000000
00011111111111111110
00013333333333333310
00013333333333333310
00013333333333333310
00013333333333333310
00013333333333333310
00013333333333333310
00013333333333333310
00013333333333333310
00013333333333333310
00013333333333333310
00013333333333333310
00011111111111111110
00000000000000000000
00000000000000000000
00000000000000000000
00000000000000000000

Seen: 246
10000000000000000001
00000000000000000000
00000000000000000000
00011111111111111110
00013333333333333310
00013333333333333310
00013333333333333310
00013333333333333310
00013333333333333310
00013333333333333310
00013333333333333310
00013333333333333310
00013333333333333310
00013333333333333310
00013333333333333310
00011111111111111110
00000000000000000000
00000000000000000000
00000000000000000000
00000000000000000000

Seen: 246
10000000000000000001
00000000000000000000
00000000000000000000
00011111111111111110
00013333333333333310
00013333333333333310
00013333333333333310
00013333333333333310
00013333333333333310
00013333333333333310
00013333333333333310
00013333333333333310
00013333333333333310
00013333333333333310
00013333333333333310
00011111111111111110
00000000000000000000
00000000000000000000
00000000000000000000
00000000000000000000

Seen: 246
10000000000000000001
00000000000000000000
00000000000000000000
00011111111111111110
00013333333333333310
00013333333333333310
00013333333333333310
00013333333333333310
00013333333333333310
00013333333333333310
00013333333333333310
00013333333333333310
00013333333333333310
00013333333333333310
00013333333333333310
00011111111111111110
00000000000000000000
00000000000000000000
00000000000000000000
00000000000000000000

Seen: 246
10000000000000000001
00000000000000000000
00000000000000000000
00011111111111111110
00013333333333333310
00013333333333333310
00013333333333333310
00013333333333333310
00013333333333333310
00013333333333333310
00013333333333333310
00013333333333333310
00013333333333333310
00013333333333333310
00013333333333333310
00011111111111111110
00000000000000000000
00000000000000000000
00000000000000000000
00000000000000000000

Seen: 246
10000000000000000001
00000000000000000000
00000000000000000000
00011111111111111110
00013333333333333310
00013333333333333310
00013333333333333310
00013333333333333310
00013333333333333310
00013333333333333310
00013333333333333310
00013333333333333310
00013333333333333310
00013333333333333310
00013333333333333310
00011111111111111110
00000000000000000000
00000000000000000000
00000000000000000000
00000000000000000000

Seen: 246
10000000000000000001
00000000000000000000
00000000000000000000
00011111111111111110
00013333333333333310
00013333333333333310
00013333333333333310
00013333333333333310
00013333333333333310
00013333333333333310
00013333333333333310
00013333333333333310
00013333333333333310
00013333333333333310
00013333333333333310
00011111111111111110
00000000000000000000
00000000000000000000
00000000000000000000
00000000000000000000

Seen: 246
10000000000000000001
00000000000000000000
00000000000000000000
00011111111111111110
00013333333333333310
00013333333333333310
00013333333333333310
00013333333333333310
00013333333333333310
00013333333333333310
00013333333333333310
00013333333333333310
00013333333333333310
00013333333333333310
00013333333333333310
00011111111111111110
00000000000000000000
00000000000000000000
00000000000000000000
00000000000000000000

Seen: 246
10000000000000000001
00000000000000000000
00000000000000000000
00011111111111111110
00013333333333333310
00013333333333333310
00013333333333333310
00013333333333333310
00013333333333333310
00013333333333333310
00013333333333333310
00013333333333333310
00013333333333333310
00013333333333333310
00013333333333333310
00011111111111111110
00000000000000000000
00000000000000000000
00000000000000000000
00000000000000000000

Seen: 246
10000000000000000001
00000000000000000000
00000000000000000000
00011111111111111110
00013333333333333310
00013333333333333310
00013333333333333310
00013333333333333310
00013333333333333310
00013333333333333310
00013333333333333310
00013333333333333310
00013333333333333310
00013333333333333310
00013333333333333310
00011111111111111110
00000000000000000000
00000000000000000000
00000000000000000000
00000000000000000000

Seen: 246
10000000000000000001
00000000000000000000
00000000000000000000
00011111111111111110
00013333333333333310
00013333333333333310
00013333333333333310
00013333333333333310
00013333333333333310
00013333333333333310
00013333333333333310
00013333333333333310
00013333333333333310
00013333333333333310
00013333333333333310
00011111111111111110
00000000000000000000
00000000000000000000
00000000000000000000
00000000000000000000

Seen: 246
10000000000000000001
00000000000000000000
00000000000000000000
00011111111111111110
00013333333333333310
00013333333333333310
00013333333333333310
00013333333333333310
00013333333333333310
00013333333333333310
00013333333333333310
00013333333333333310
00013333333333333310
00013333333333333310
00013333333333333310
00011111111111111110
00000000000000000000
00000000000000000000
00000000000000000000
00000000000000000000

Seen: 246
10000000000000000001
00000000000000000000
00000000000000000000
00011111111111111110
00013333333333333310
00013333333333333310
00013333333333333310
00013333333333333310
00013333333333333310
00013333333333333310
00013333333333333310
00013333333333333310
00013333333333333310
00013333333333333310
00013333333333333310
00011111111111111110
00000000000000000000
00000000000000000000
00000000000000000000
00000000000000000000

Seen: 246
10000000000000000001
00000000000000000000
00000000000000000000
00011111111111111110
00013333333333333310
00013333333333333310
00013333333333333310
00013333333333333310
00013333333333333310
00013333333333333310
00013333333333333310
00013333333333333310
00013333333333333310
00013333333333333310
00013333333333333310
00011111111111111110
00000000000000000000
00000000000000000000
00000000000000000000
00000000000000000000

Seen: 246
10000000000000000001
00000000000000000000
00000000000000000000
00011111111111111110
00013333333333333310
00013333333333333310
00013333333333333310
00013333333333333310
00013333333333333310
00013333333333333310
00013333333333333310
00013333333333333310
00013333333333333310
00013333333333333310
00013333333333333310
00011111111111111110
00000000000000000000
00000000000000000000
00000000000000000000
00000000000000000000

Seen: 246
10000000000000000001
00000000000000000000
00000000000000000000
00011111111111111110
00013333333333333310
00013333333333333310
00013333333333333310
00013333333333333310
00013333333333333310
00013333333333333310
00013333333333333310
00013333333333333310
00013333333333333310
00013333333333333310
00013333333333333310
00011111111111111110
00000000000000000000
00000000000000000000
00000000000000000000
00000000000000000000

Seen: 246
10000000000000000001
00000000000000000000
00000000000000000000
00011111111111111110
00013333333333333310
00013333333333333310
00013333333333333310
00013333333333333310
00013333333333333310
00013333333333333310
00013333333333333310
00013333333333333310
00013333333333333310
00013333333333333310
00013333333333333310
00011111111111111110
00000000000000000000
00000000000000000000
00000000000000000000
00000000000000000000

Seen: 246
10000000000000000001
00000000000000000000
00000000000000000000
00011111111111111110
00013333333333333310
00013333333333333310
00013333333333333310
00013333333333333310
00013333333333333310
00013333333333333310
00013333333333333310
00013333333333333310
00013333333333333310
00013333333333333310
00013333333333333310
00011111111111111110
00000000000000000000
00000000000000000000
00000000000000000000
00000000000000000000

Seen: 246
10000000000000000001
00000000000000000000
00000000000000000000
00011111111111111110
00013333333333333310
00013333333333333310
00013333333333333310
00013333333333333310
00013333333333333310
00013333333333333310
00013333333333333310
00013333333333333310
00013333333333333310
00013333333333333310
00013333333333333310
00011111111111111110
00000000000000000000
00000000000000000000
00000000000000000000
00000000000000000000

Seen: 246
10000000000000000001
00000000000000000000
00000000000000000000
00011111111111111110
00013333333333333310
00013333333333333310
00013333333333333310
00013333333333333310
00013333333333333310
00013333333333333310
00013333333333333310
00013333333333333310
00013333333333333310
00013333333333333310
00013333333333333310
00011111111111111110
00000000000000000000
00000000000000000000
00000000000000000000
00000000000000000000

Seen: 246
10000000000000000001
00000000000000000000
00000000000000000000
00011111111111111110
00013333333333333310
00013333333333333310
00013333333333333310
00013333333333333310
00013333333333333310
00013333333333333310
00013333333333333310
00013333333333333310
00013333333333333310
00013333333333333310
00013333333333333310
00011111111111111110
00000000000000000000
00000000000000000000
00000000000000000000
00000000000000000000

Seen: 246
10000000000000000001
00000000000000000000
00000000000000000000
00011111111111111110
00013333333333333310
00013333333333333310
00013333333333333310
00013333333333333310
00013333333333333310
00013333333333333310
00013333333333333310
00013333333333333310
00013333333333333310
00013333333333333310
00013333333333333310
00011111111111111110
00000000000000000000
00000000000000000000
00000000000000000000
00000000000000000000

Seen: 246
10000000000000000001
00000000000000000000
00000000000000000000
00011111111111111110
00013333333333333310
00013333333333333310
00013333333333333310
00013333333333333310
00013333333333333310
00013333333333333310
00013333333333333310
00013333333333333310
00013333333333333310
00013333333333333310
00013333333333333310
00011111111111111110
00000000000000000000
00000000000000000000
00000000000000000000
00000000000000000000

Seen: 246
10000000000000000001
00000000000000000000
00000000000000000000
00011111111111111110
00013333333333333310
00013333333333333310
00013333333333333310
00013333333333333310
00013333333333333310
00013333333333333310
00013333333333333310
00013333333333333310
00013333333333333310
00013333333333333310
00013333333333333310
00011111111111111110
00000000000000000000
00000000000000000000
00000000000000000000
00000000000000000000

Seen: 246
10000000000000000001
00000000000000000000
00000000000000000000
00011111111111111110
00013333333333333310
00013333333333333310
00013333333333333310
00013333333333333310
00013333333333333310
00013333333333333310
00013333333333333310
00013333333333333310
00013333333333333310
00013333333333333310
00013333333333333310
00011111111111111110
00000000000000000000
00000000000000000000
00000000000000000000
00000000000000000000

Seen: 246
10000000000000000001
00000000000000000000
00000000000000000000
00011111111111111110
00013333333333333310
00013333333333333310
00013333333333333310
00013333333333333310
00013333333333333310
00013333333333333310
00013333333333333310
00013333333333333310
00013333333333333310
00013333333333333310
00013333333333333310
00011111111111111110
00000000000000000000
00000000000000000000
00000000000000000000
00000000000000000000

Seen: 246
10000000000000000001
00000000000000000000
00000000000000000000
00011111111111111110
00013333333333333310
00013333333333333310
00013333333333333310
00013333333333333310
00013333333333333310
00013333333333333310
00013333333333333310
00013333333333333310
00013333333333333310
00013333333333333310
00013333333333333310
00011111111111111110
00000000000000000000
00000000000000000000
00000000000000000000
00000000000000000000

Seen: 246
10000000000000000001
00000000000000000000
00000000000000000000
00011111111111111110
00013333333333333310
00013333333333333310
00013333333333333310
00013333333333333310
00013333333333333310
00013333333333333310
00013333333333333310
00013333333333333310
00013333333333333310
00013333333333333310
00013333333333333310
00011111111111111110
00000000000000000000
00000000000000000000
00000000000000000000
00000000000000000000

Seen: 246
10000000000000000001
00000000000000000000
00000000000000000000
00011111111111111110
00013333333333333310
00013333333333333310
00013333333333333310
00013333333333333310
00013333333333333310
00013333333333333310
00013333333333333310
00013333333333333310
00013333333333333310
00013333333333333310
00013333333333333310
00011111111111111110
00000000000000000000
00000000000000000000
00000000000000000000
00000000000000000000

Seen: 246
10000000000000000001
00000000000000000000
00000000000000000000
00011111111111111110
00013333333333333310
00013333333333333310
00013333333333333310
00013333333333333310
00013333333333333310
00013333333333333310
00013333333333333310
00013333333333333310
00013333333333333310
00013333333333333310
00013333333333333310
00011111111111111110
00000000000000000000
00000000000000000000
00000000000000000000
00000000000000000000

Seen: 246
10000000000000000001
00000000000000000000
00000000000000000000
00011111111111111110
00013333333333333310
00013333333333333310
00013333333333333310
00013333333333333310
00013333333333333310
00013333333333333310
00013333333333333310
00013333333333333310
00013333333333333310
00013333333333333310
00013333333333333310
00011111111111111110
00000000000000000000
00000000000000000000
00000000000000000000
00000000000000000000

Seen: 246
10000000000000000001
00000000000000000000
00000000000000000000
00011111111111111110
00013333333333333310
00013333333333333310
00013333333333333310
00013333333333333310
00013333333333333310
00013333333333333310
00013333333333333310
00013333333333333310
00013333333333333310
00013333333333333310
00013333333333333310
00011111111111111110
00000000000000000000
00000000000000000000
00000000000000000000
00000000000000000000

Seen: 246
10000000000000000001
00000000000000000000
00000000000000000000
00011111111111111110
00013333333333333310
00013333333333333310
00013333333333333310
00013333333333333310
00013333333333333310
00013333333333333310
00013333333333333310
00013333333333333310
00013333333333333310
00013333333333333310
00013333333333333310
00011111111111111110
00000000000000000000
00000000000000000000
00000000000000000000
00000000000000000000

Seen: 246
10000000000000000001
00000000000000000000
00000000000000000000
00011111111111111110
00013333333333333310
00013333333333333310
00013333333333333310
00013333333333333310
00013333333333333310
00013333333333333310
00013333333333333310
00013333333333333310
00013333333333333310
00013333333333333310
00013333333333333310
00011111111111111110
00000000000000000000
00000000000000000000
00000000000000000000
00000000000000000000

Seen: 246
10000000000000000001
00000000000000000000
00000000000000000000
00011111111111111110
00013333333333333310
00013333333333333310
00013333333333333310
00013333333333333310
00013333333333333310
00013333333333333310
00013333333333333310
00013333333333333310
00013333333333333310
00013333333333333310
00013333333333333310
00011111111111111110
00000000000000000000
00000000000000000000
00000000000000000000
00000000000000000000

Seen: 246
10000000000000000001
00000000000000000000
00000000000000000000
00011111111111111110
00013333333333333310
00013333333333333310
00013333333333333310
00013333333333333310
00013333333333333310
00013333333333333310
00013333333333333310
00013333333333333310
00013333333333333310
00013333333333333310
00013333333333333310
00011111111111111110
00000000000000000000
00000000000000000000
00000000000000000000
00000000000000000000

Seen: 246
10000000000000000001
00000000000000000000
00000000000000000000
00011111111111111110
00013333333333333310
00013333333333333310
00013333333333333310
00013333333333333310
00013333333333333310
00013333333333333310
00013333333333333310
00013333333333333310
00013333333333333310
00013333333333333310
00013333333333333310
00011111111111111110
00000000000000000000
00000000000000000000
00000000000000000000
00000000000000000000

Seen: 246
10000000000000000001
00000000000000000000
00000000000000000000
00011111111111111110
00013333333333333310
00013333333333333310
00013333333333333310
00013333333333333310
00013333333333333310
00013333333333333310
00013333333333333310
00013333333333333310
00013333333333333310
00013333333333333310
00013333333333333310
00011111111111111110
00000000000000000000
00000000000000000000
00000000000000000000
00000000000000000000

Seen: 246
10000000000000000001
00000000000000000000
00000000000000000000
00011111111111111110
00013333333333333310
00013333333333333310
00013333333333333310
00013333333333333310
00013333333333333310
00013333333333333310
00013333333333333310
00013333333333333310
00013333333333333310
00013333333333333310
00013333333333333310
00011111111111111110
00000000000000000000
00000000000000000000
00000000000000000000
00000000000000000000

Seen: 246
10000000000000000001
00000000000000000000
00000000000000000000
00011111111111111110
00013333333333333310
00013333333333333310
00013333333333333310
00013333333333333310
00013333333333333310
00013333333333333310
00013333333333333310
00013333333333333310
00013333333333333310
00013333333333333310
00013333333333333310
00011111111111111110
00000000000000000000
00000000000000000000
00000000000000000000
00000000000000000000

Seen: 246
10000000000000000001
00000000000000000000
00000000000000000000
00011111111111111110
00013333333333333310
00013333333333333310
00013333333333333310
00013333333333333310
00013333333333333310
00013333333333333310
00013333333333333310
00013333333333333310
00013333333333333310
00013333333333333310
00013333333333333310
00011111111111111110
00000000000000000000
00000000000000000000
00000000000000000000
00000000000000000000

Seen: 246
10000000000000000001
00000000000000000000
00000000000000000000
00011111111111111110
00013333333333333310
00013333333333333310
00013333333333333310
00013333333333333310
00013333333333333310
00013333333333333310
00013333333333333310
00013333333333333310
00013333333333333310
00013333333333333310
00013333333333333310
00011111111111111110
00000000000000000000
00000000000000000000
00000000000000000000
00000000000000000000

Seen: 246
10000000000000000001
00000000000000000000
00000000000000000000
00011111111111111110
00013333333333333310
00013333333333333310
00013333333333333310
00013333333333333310
00013333333333333310
00013333333333333310
00013333333333333310
00013333333333333310
00013333333333333310
00013333333333333310
00013333333333333310
00011111111111111110
00000000000000000000
00000000000000000000
00000000000000000000
00000000000000000000

Seen: 246
10000000000000000001
00000000000000000000
00000000000000000000
00011111111111111110
00013333333333333310
00013333333333333310
00013333333333333310
00013333333333333310
00013333333333333310
00013333333333333310
00013333333333333310
00013333333333333310
00013333333333333310
00013333333333333310
00013333333333333310
00011111111111111110
00000000000000000000
00000000000000000000
00000000000000000000
00000000000000000000

Seen: 246
10000000000000000001
00000000000000000000
00000000000000000000
00011111111111111110
00013333333333333310
00013333333333333310
00013333333333333310
00013333333333333310
00013333333333333310
00013333333333333310
00013333333333333310
00013333333333333310
00013333333333333310
00013333333333333310
00013333333333333310
00011111111111111110
00000000000000000000
00000000000000000000
00000000000000000000
00000000000000000000

Seen: 246
10000000000000000001
00000000000000000000
00000000000000000000
00011111111111111110
00013333333333333310
00013333333333333310
00013333333333333310
00013333333333333310
00013333333333333310
00013333333333333310
00013333333333333310
00013333333333333310
00013333333333333310
00013333333333333310
00013333333333333310
00011111111111111110
00000000000000000000
00000000000000000000
00000000000000000000
00000000000000000000

Seen: 246
10000000000000000001
00000000000000000000
00000000000000000000
00011111111111111110
00013333333333333310
00013333333333333310
00013333333333333310
00013333333333333310
00013333333333333310
00013333333333333310
00013333333333333310
00013333333333333310
00013333333333333310
00013333333333333310
00013333333333333310
00011111111111111110
00000000000000000000
00000000000000000000
00000000000000000000
00000000000000000000

Seen: 246
10000000000000000001
00000000000000000000
00000000000000000000
00011111111111111110
00013333333333333310
00013333333333333310
00013333333333333310
00013333333333333310
00013333333333333310
00013333333333333310
00013333333333333310
00013333333333333310
00013333333333333310
00013333333333333310
00013333333333333310
00011111111111111110
00000000000000000000
00000000000000000000
00000000000000000000
00000000000000000000

Seen: 246
10000000000000000001
00000000000000000000
00000000000000000000
00011111111111111110
00013333333333333310
00013333333333333310
00013333333333333310
00013333333333333310
00013333333333333310
00013333333333333310
00013333333333333310
00013333333333333310
00013333333333333310
00013333333333333310
00013333333333333310
00011111111111111110
00000000000000000000
00000000000000000000
00000000000000000000
00000000000000000000

Seen: 246
10000000000000000001
00000000000000000000
00000000000000000000
00011111111111111110
00013333333333333310
00013333333333333310
00013333333333333310
00013333333333333310
00013333333333333310
00013333333333333310
00013333333333333310
00013333333333333310
00013333333333333310
00013333333333333310
00013333333333333310
00011111111111111110
00000000000000000000
00000000000000000000
00000000000000000000
00000000000000000000

Seen: 246
10000000000000000001
00000000000000000000
00000000000000000000
00011111111111111110
00013333333333333310
00013333333333333310
00013333333333333310
00013333333333333310
00013333333333333310
00013333333333333310
00013333333333333310
00013333333333333310
00013333333333333310
00013333333333333310
00013333333333333310
00011111111111111110
00000000000000000000
00000000000000000000
00000000000000000000
00000000000000000000

Seen: 246
10000000000000000001
00000000000000000000
00000000000000000000
00011111111111111110
00013333333333333310
00013333333333333310
00013333333333333310
00013333333333333310
00013333333333333310
00013333333333333310
00013333333333333310
00013333333333333310
00013333333333333310
00013333333333333310
00013333333333333310
00011111111111111110
00000000000000000000
00000000000000000000
00000000000000000000
00000000000000000000

Seen: 246
10000000000000000001
00000000000000000000
00000000000000000000
00011111111111111110
00013333333333333310
00013333333333333310
00013333333333333310
00013333333333333310
00013333333333333310
00013333333333333310
00013333333333333310
00013333333333333310
00013333333333333310
00013333333333333310
00013333333333333310
00011111111111111110
00000000000000000000
00000000000000000000
00000000000000000000
00000000000000000000

Seen: 246
10000000000000000001
00000000000000000000
00000000000000000000
00011111111111111110
00013333333333333310
00013333333333333310
00013333333333333310
00013333333333333310
00013333333333333310
00013333333333333310
00013333333333333310
00013333333333333310
00013333333333333310
00013333333333333310
00013333333333333310
00011111111111111110
00000000000000000000
00000000000000000000
00000000000000000000
00000000000000000000

Seen: 246
10000000000000000001
00000000000000000000
00000000000000000000
00011111111111111110
00013333333333333310
00013333333333333310
00013333333333333310
00013333333333333310
00013333333333333310
00013333333333333310
00013333333333333310
00013333333333333310
00013333333333333310
00013333333333333310
00013333333333333310
00011111111111111110
00000000000000000000
00000000000000000000
00000000000000000000
00000000000000000000

Akankshas-MacBook-Pro:Desktop Kryotasin$ 
